
strategic_region={
	id=186
	name="STRATEGICREGION_186"
	provinces={
		0 0 0 0 0 0 0 0 0 0 848 852 852 898 898 906 906 912 959 959 978 1003 1003 1054 1081 1081 1100 1100 1100 1148 1148 1177 3803 3803 3852 3852 3860 3860 3904 3904 3912 3981 3981 4004 4052 4056 4086 4086 4103 4103 4107 4107 4126 4126 6822 6822 6922 6922 6928 6928 6944 6944 6963 6963 7021 7021 7070 7070 7121 7121 7125 7125 7155 7155 7171 7175 7175 7204 7204 7221 7221 9790 9795 9899 9899 9918 9936 9936 9981 10036 10036 10065 10083 10083 10085 10110 10110 10115 10115 11770 11775 11775 11828 11828 11835 11878 11878 11896 11912 11912 11915 11915 11948 11948 11958 11977 11977 11992 11992 12011 12011 12040 12040 12060 12085 12085 12089 12089 13259 13259 13260 13261 13261 13262 13263 13263 13264 13264 13265 13265 13266 13267 13268 13269 13270 13271 13272 13273 13274 13275 13276 13277 13278 
	}
	weather={
	}
}
